3
1
2
3
2 1 1
3
2 1 2
3
2 1 3
3
12 20 30
6
1 9 1 9 8 1
3
6 14 15
50
2100 3080 3570 3300 420 3630 4830 1386 990 1680 3850 4158 1980 840 3234 1540 1848 3780 4410 4200 4950 3960 2730 3696 1050 2970 3465 2772 1320 3990 462 1470 770 3150 2520 1650 2310 1890 1260 2940 2640 4290 1155 630 924 330 210 660 3360 4620
50
3780 2772 3696 2940 462 2970 1386 4830 4620 1260 3234 840 1050 3990 3465 1680 4200 3300 2520 420 3360 3960 4410 1155 2730 990 3850 924 1890 1540 2640 210 1470 630 2310 660 3630 1650 330 4158 3080 3150 3570 1980 1320 770 2100 4290 1848 4950
